120
150
180
0
30
60
90
120
150
180
0


150
180
0
30
60
90
120
150
180
0
30
60
90
120
150
180
0
30
60
90
120
150
180
0
30
60
90
120
150
180
0
30
60
90
120
150
180
0
30
60
90
120
150
180
0
30
60
90
120
150
180
0
30
60
90
120
150
180
0
30
60
90
120
150
180
0
30
60
90
120
150
180
0
30
60
90
120
150
180
0
30
60
90
120
150
180
0
30
60
90
120
150
180
0
30
60
90
120
0
30
60
90
60
90
120
150
180
0
30
60
90
120
150
180
0
30
60
90
120
150
